a = 0:0.1:2;
b = ones(21,1);
%subpunct a)
inmultire1 = a*b
%subpunct b)
inmultire2 = b*a
%subpunct c)
inmultirea = a .* b
%se obtine :
%1.2000    1.3000    1.4000    1.5000    1.6000    1.7000    1.8000    1.9000    2.0000
%1.2000    1.3000    1.4000    1.5000    1.6000    1.7000    1.8000    1.9000    2.0000
%1.2000    1.3000    1.4000    1.5000    1.6000    1.7000    1.8000    1.9000    2.0000
%1.2000    1.3000    1.4000    1.5000    1.6000    1.7000    1.8000    1.9000    2.0000
%1.2000    1.3000    1.4000    1.5000    1.6000    1.7000    1.8000    1.9000    2.0000